4.9456453817255959
5.6959099074365849
5.5343533072967563
5.1703655938090201
5.5178063781920095
5.7037506586202822
5.7332985736800568
4.8931623043220007
4.8534314039170727
5.3152984002321144
4.4066084398615777
4.2175117066830978
5.2927074101939926
4.7800560104477396
5.1136008024642496
5.4563163417030101
5.1650824874722767
5.7854486449158475
4.1917776276863217
4.6224369248324146
5.4737624313137978
3.7667100066351296
5.7077529601565082
5.1351960307717324
5.0804882530993956
3.8907279144117690
4.8830951275827150
5.9717823312146727
3.4066559809251746
5.6737189316711953
4.0073988732616739
5.4438642698597093
5.9842557267598089
4.3614145328779594
5.2614064812186054
5.1935037763770753
5.5122440704220015
5.0593055914565870
5.8689959269502019
5.0606700894177168
4.3562649320572815
5.0364711171453234
5.7305842734611261
5.9532330499903701
5.3501581826499285
5.8782523792722623
5.7098733415785716
3.9921943625534411
5.4913706097830133
5.2518805472223740
5.0829573898654381
5.7644310410055795
5.5311020851331936
5.6439688144188089
5.7892035431598750
5.9424360490046890
4.2695826987933980
3.9701389324671039
4.1837907951103919
4.5383559569167975
5.7540596475204087
3.9772878027836933
5.3826168488063058
5.5648835586910783
4.3249868663565456
5.2838686162554076
5.4443566929477099
5.8329259520739125
5.7020566255098455
5.8492525501432393
5.2570622755091705
4.8117936140604467
5.7715979563173789
4.0661900164867140
5.2745497426122281
5.9502598267142224
5.8348322029865374
5.2840110610725501
5.3236277461042558
5.5607463194086266
5.0498741681901436
5.4091797295765165
3.6903981976355569
4.9392150578116221
5.8186383687537262
5.7216364544416916
4.3849294269758037
4.9144771414248787
5.9667712036348011
5.6462454714166315
3.9986245937878024
5.5088779418092688
4.2001095764467271
5.1914591569401471
4.2367753506768606
5.4932963711887286
4.1566527734486973
4.1866802603363791
4.8446560385116380
5.3331016902822066
5.7763470000944928
4.2143065677334617
4.9867191872813201
5.4115541524498996
4.4892961761435330
3.9225939822307154
5.2826933734345811
4.9609258255700697
3.9012851851596730
5.6156696100284780
5.4820652276783584
4.7630890084932727
3.6608062104113710
4.5818494677427690
4.7110763466247301
5.2485150306307098
4.8508552553274802
3.4517373001801670
4.0970812274833088
4.7876395141709862
3.4622213820421766
5.7901404928321298
5.8249766318045957
5.4729086688184694
5.3947224050262053
3.4521010907138336
3.4816915098854810
5.1410319480214888
4.9294577399450645
5.7940302410451086
4.7750515804666565
5.0153448016660853
5.7907022196942997
4.2808848581915662
5.3790139279732374
4.9779591754129608
5.6394464188833648
5.8215408273357685
3.6626079675656529
5.6764974030624940
5.2104604669193675
5.2835706560107774
4.0375571561445174
4.5731443136371404
3.8074948536495183
4.9229989003542105
5.5829757159338698
4.9743703890146147
5.9582495178571460
5.9005867578606228
5.8796104929323043
5.6284956823372276
5.6279460464381756
5.2391609662845529
5.1233974698612199
5.8574013204692328
5.6084336032752633
4.3546799464369261
5.2691793055529370
3.8281765419539386
5.1992833754958960
5.8603612791901600
4.8633169319970575
4.3064962812542076
5.5308407888871214
5.1430758709865980
4.3333730308813152
4.8562450870351883
3.5504647801455498
4.7314171637209297
4.6871513997330938
4.7556651880284511
5.7241370535970955
5.7839038693252895
3.5153250872748654
4.4135733864884727
5.4614237389931546
5.5691095784280673
5.5083195190769025
3.8619589977391309
4.8020682062770774
5.5074425711333657
5.5124182905504746
4.2533966593112780
5.1081909601499191
5.3139903907005612
5.0665695511704172
5.8700797517901311
5.2334186402199805
4.1503711255294293
4.5764657567311851
3.2376073835762980
5.7982448501053439
4.4785592463562525
3.8518429766199045
5.5132435793655894
4.7182752083943029
4.2723076144507734
5.2568555911782155
5.6593772459391936
4.8802138311198497
5.0485179777787792
5.2951163780331019
5.8668105298513638
4.9946523845445157
4.7006961068593505
3.8825548720232415
5.4044737250625356
4.1388004845599911
5.3194156326573445
4.8763232602382889
4.8296500006547323
4.3491477829662948
5.7869710774456689
4.6812826930450298
5.1797711656906209
5.7390188255745569
4.4416948029941441
5.0578477736649265
4.2063367447724831
4.8249108592381562
5.8982854760147099
3.6113701057805754
5.2417335470725668
4.5793515563670688
5.2957883853595416
4.0170955471953871
5.7710740797273079
5.7173083971409815
4.1151191727876251
5.0967996746569497
5.4812436089736476
5.8391499758113552
5.8761974460000808
5.7667658795133727
5.5120676668454660
5.4490878466727279
5.1443302527009092
5.3497871441585136
4.9943171335015029
4.5336412433565245
4.9149144842538703
5.6960586579356391
3.5347624506544948
5.0204838870813724
5.7572985638327836
5.7620142965981316
5.7482665649509590
5.7101884270263126
4.6713417089770566
5.7604272477654535
3.7198165992245706
4.9548086910192977
5.4944067876741478
4.6666297672820241
5.2329187781638486
5.3292218392470083
4.7043576688159519
5.1623795152339156
5.2898967457602932
5.7213903953932332
5.4530522924200184
4.4610295403940423
5.5144873403091204
4.5157817997663496
5.9124909239475842
5.7494476480846224
5.2435204718386057
4.8737750592065758
5.4172700822097681
5.5095214373494024
5.4382782797919624
5.7151748919780898
5.5455598629400686
3.7876176148332279
5.3743122863297037
5.6291868329686983
4.2789317045570270
4.8254837584863939
5.1496908350930477
4.5636166634306505
5.2395440782121128
4.7563108940703360
4.9692735378404347
5.0529816893074688
4.3790933083195780
5.1140026223940804
5.0134506049139924
4.7022567297504789
4.8045909820584107
5.6103712960698440
5.2152956426965522
4.3922492849695161
5.6288018575924657
5.8426042708207540
4.2179398447156391
4.8571397194557662
4.6813867706014314
4.7373006089945102
5.4441449341547177
5.3665432624825371
5.6093868416800117
4.9594594141265596
5.3603120404908120
4.4462681328984788
5.4877723777216829
5.9273615461496121
5.4322637815509562
5.2956143780585787
3.4639128749594557
5.5832450738376229
4.6561298484374838
4.9670178176064406
5.2999167723142486
4.2346599056748655
4.7260775138255857
5.8112527591365488
5.2486557702969829
5.1885522171016749
4.8684322002287015
5.4544076581100462
4.4961728562690624
5.7290521312458154
4.9239206282843675
5.2366861511788780
4.4154868542420926
4.6079761457431561
4.1590816646845470
5.4811529414859859
5.1153772096421939
4.1512633286690299
5.7634986640597337
5.3604332537451178
3.9449819395809125
5.4338289653481429
4.4594193694418438
5.9377898975052457
4.3387802797596748
5.6262780584964736
5.1583122893691691
5.2687420151526778
5.3443765119906566
4.0390841922931706
5.0758575127996064
5.9239536234096413
4.8783469726376989
4.6795091832021782
5.5267081152042303
5.5818762695429420
5.5479660322153563
4.7676577671107783
5.8382824430243847
3.7728377751090716
5.9070589860211360
5.9346070825301425
5.5887756447923795
3.9233731212243583
4.7401907057383630
5.8336748307017174
5.8178956801690198
5.0589545205088431
5.5404186701827260
5.2742797989753631
5.1503487305865647
4.9014721748697880
4.6645707457831467
3.5547005259216684
5.8435645215862557
5.5388072205320755
3.9895104218217572
5.3873574938529423
5.8971010313547803
4.7019842069092963
5.3806109298375429
5.4301901054790722
4.8719876095392696
4.8847357104631861
5.7876285116298520
4.2473741689450897
5.2812364014007658
5.7754705204516474
5.2875970046237324
4.8612574494446443
5.1500408561752256
4.9508517591017362
5.8052654928936143
4.4259256686129786
5.7449510005065552
5.3563538003911297
4.6018392130748706
4.3628217978559753
5.3941428755719176
5.8446776558494253
5.5925336459889063
4.2433704575234188
5.2966368580167060
4.9353907621721884
4.5391795698021875
5.7565371744586473
4.5877082941592047
4.3846283344927190
3.4922667240971887
5.9811240872376148
3.6302911324474296
4.2993519374947837
4.1773506246429664
5.7689603436481409
5.4347485296784210
4.7708121109139281
5.1486829477915634
5.5499728970518687
5.3136756387041153
5.2944583043969509
4.5551667956416289
5.4436489118927813
5.3973494248102050
4.1635416540967940
3.9751723825116438
5.1541219420171966
4.0428245912166112
5.6997690104801144
5.1091832683027860
5.8219994298877111
4.1988657435929184
5.1573255817185260
5.6839259751637989
5.6767995341719057
5.0631110191245750
5.5798593146033220
5.8491295850982858
5.8186492282584199
5.8043148628009398
5.2420562257287013
4.2689671136389489
5.8802372635203302
5.2524680392290488
5.3473848422043186
4.3812944062649821
4.2823765531612938
3.4718339183839633
5.3407742690355944
5.0632499284976937
5.6334403016845531
4.8098180751726369
5.4205940185096173
4.9197330241980328
4.9570380423067295
5.0405287873708673
4.6611097339214558
5.4471964916802884
5.3611475516049865
3.6957161593594092
4.3409541638790321
4.2523367340999210
5.1770834665590595
3.5835269401752772
4.8307314494076232
5.0397323608660880
3.9716526255851972
5.5713039595869631
5.1225158304890392
4.9859651216128542
5.8210335435076939
5.3459232200733435
4.1120518599590143
4.1063921480341365
4.9177294028914602
5.6358865157053106
4.2245058339523753
5.3418907525331187
4.8975323651173301
5.4539728667266232
5.4837013653746940
3.9210252707613260
5.6903343933841501
5.4854549363573462
4.3633660747706609
5.0860352111997571
4.9855365127816569
4.0525209465420904
5.8575419730768505
4.1664411007739757
5.7454645702370870
5.9127495355141981
4.4032294690860230
5.4264437892231179
4.5683216324533538
5.6561667995894602
5.3217654458619394
5.2570442235367461
4.1666426129078644
5.7487213822876342
5.8714438181762869
5.5759476952893312
4.3654083684046618
5.6820726613945585
5.5377129943559957
3.4654064429849227
3.7023419485199058
4.6960686502793321
4.4339304448515371
4.5410726799252590
5.6441041698479673
4.6075246441577145
3.7412886400469860
4.9080205246908148
5.3716626346950287
5.3277271094152958
4.2808991522008428
3.4091207989574221
5.4549340240423252
4.5421018881522466
4.8970559518729022
5.1754495356966803
4.8813139257930080
4.7183790399518815
5.0346220318775226
5.6348953622410640
5.7901665936730584
4.9473122909407321
5.4655485305742761
5.2640282813588453
4.6695900510397195
5.6850531685245720
5.0283094281838654
5.5812928518555678
4.8375558373709691
4.9548178301939441
4.7101615161391361
3.1746536438267405
5.9685409315917006
3.6191794511248299
5.8747973132483668
5.7122042441047061
5.3462827579003624
5.1608216945403154
5.8784341972035765
5.6882457795384367
4.6579280296165191
4.8549234835385295
4.2107575961195698
5.3224126067088715
5.2132045617521410
5.1139103121531022
5.4851969641968203
5.3715026423234002
4.9154682360466069
5.4791496307623859
5.8764924979687017
5.3145177730093938
5.9355755214273884
4.9519732111386707
4.9345518106791308
4.0591048510558831
5.9012706037727067
5.6235079741132727
4.4058805111704356
4.3746092450359697
5.8324630834541855
5.8719453625711111
4.2688202630623673
5.1200755974230940
3.2798293624543202
5.4864967547418697
4.3796553581958433
4.5249704137588012
4.1419663991795606
5.2868924665063997
4.1478469485214680
5.6687716908423198
5.3398328016901964
5.0991395417938392
3.6169461171552579
5.7396468750084573
5.7861382339766392
4.8653262623623901
4.3153548415592420
5.0330024800583502
5.8977495300385687
4.8221811065422227
5.6241239694458063
4.9934422852451608
5.8800334679669373
4.7790817331846034
4.3432827592527907
5.8611887578887725
3.7677222832334056
3.8388723686624799
4.2919235234910040
4.9535015534754416
5.3099928238962875
4.3957951646133404
5.6936751454980339
3.8281250007594458
5.7356576370933938
5.9877706987960924
5.0570430115147822
5.8130263010228420
4.8259837548764910
3.3764980215544242
4.9994252791108167
4.8902271583375931
3.7100848604582359
5.4969187953798011
4.5035317444345697
4.2828911028027541
5.0288849047741238
4.6934660201007699
4.4362191371068906
5.9546178756717190
3.7958268042180232
5.6728604114011745
5.9269647489348145
4.6082415498773495
4.9910972723422784
5.3266713173889322
3.9076202968072073
3.9608205775370009
5.1734246953179817
4.8313302278412120
4.5310441396971370
3.7779672558559669
5.9794469333418760
3.8929102901633001
4.1019053410715847
5.6043278481430381
5.8106405823812590
4.1632872435405304
5.7486348504358649
5.0999439560746858
4.9806098220849933
3.4913325124204362
5.6661232255920471
5.3116293563449108
5.6947386172102998
5.9038534284000255
3.6871937248694979
4.7396349706586793
4.8670290231575910
5.4342656485006078
5.7149834071823751
4.0551656914110001
4.3745159831087914
5.1144866096248851
3.8273028316315965
5.8698054086045639
4.7128658934869812
4.0949996195539917
5.0114858407143075
5.2393992549353339
5.6401262686011506
5.3931666526124538
4.8534043072135269
5.7442010183074848
5.5136844754281018
4.0060842034040256
5.5377797885727578
4.3696471769882486
5.7640693014013991
5.6215921029989220
4.7468288482924468
5.5002957081939581
4.8007467250873201
4.7537362865749850
5.3799754032243818
4.8639215699041651
5.2191206391649283
5.7344560068683492
5.3722153863075182
5.9719544541001914
5.8776479129862942
3.9379483192954852
4.0218285902964830
5.1039765259297534
5.1536461131043119
5.9467072346958467
4.5814527313120630
4.2525107035204268
4.2162554384073658
5.7080453522811139
4.6192354374089799
4.6725730059712873
5.5822070676263120
5.7421010789634899
5.8722032910565547
5.2451886072457370
5.1959905387041889
5.8934769738339003
3.4936479236287288
4.2217109998513598
5.7928968567986656
5.5680698103623563
5.1668207320505903
4.5353315224895976
4.4502251791116159
3.8003806078158124
5.0238285838308183
3.3346557415718121
5.7125556216585753
4.6022689429837840
5.4594596120942231
4.8907859758756329
4.1879983677104216
3.7037701728648980
4.9344297795480943
4.6073787285026890
3.6060383849799869
5.8283621568690007
5.6470976433504969
5.6472063985617371
5.7886727345584772
5.8384308998581975
5.1842958927775680
4.5472560815003664
5.6302717565005569
4.9799264407620463
3.6492689140852566
5.7197125885607942
4.8966590861386932
5.3389583634383131
5.6971681934009890
5.5777403724578036
4.2504222951971817
5.1002360968575680
5.9941512879015786
5.6671220424113073
4.7454138998176090
4.7887564842455168
5.3314107282146734
4.6143240505287153
4.6343079212447087
5.5496106293938769
5.5809733944341522
4.3994622537364325
5.6059326507870466
4.1323513795976954
5.9938558511257414
5.3561419202323677
5.8756223509191763
5.6901684346818922
3.9260817445139895
5.0095314120488226
5.0554722969068653
4.8953850316342393
4.4755532818198009
5.1855660983215879
4.8865442814550102
5.7058224261997905
4.2035372995863138
4.4330386662691019
5.7032868436183808
5.9890640584645078
5.4256599528962806
3.9845779746538481
3.8586417864942941
5.1343319699501055
4.1197792885047111
5.4634915425432755
4.2077177814813762
5.6710528652877450
5.6059014420914490
5.8758479582952852
5.6109323660659358
5.1770923393271584
4.9321304434665647
4.8360094178922184
5.2209346574702273
5.3651343265693905
5.8925598467489495
3.1573456419447856
4.9557669959534749
5.4279345687811684
5.7104492133766787
4.9952012500264882
5.9123535192833607
5.6957662378364216
5.2007563557800811
4.5212062950465217
5.8908229420013623
5.2051337358904153
5.6328166672232758
4.0169900944642869
4.5005631339039169
5.1881448768313128
5.5810963648607803
3.9830393885292126
4.3071587908579296
5.7903027634040614
4.7352449168051418
4.8507793773155363
4.9851062144515614
4.1605642303165116
4.3544219521659562
5.7687554256872957
5.8701790944893411
5.6121568442299470
3.6717653119221847
5.0736612917522006
5.4950743227504795
5.1457369135137840
5.6175811466291954
4.9008250669399374
4.1358774539733760
5.3112560076338386
5.0802381192394925
4.7179884428841632
3.9562212880920606
3.6141812502475554
5.8907325386355467
4.1599048548265323
5.7439733161221103
5.6822701272817921
4.4515472863845957
5.7309088320698542
4.0345387855754424
4.7342026993775796
4.2629109694355538
5.3942592225721935
5.5956958922405526
4.2082587670201352
5.7826896284605773
4.5875575121452972
5.5274544568302204
5.9414357579252393
5.9775917231713169
4.3605920950870187
5.8161612876347917
4.2127890371942076
5.6730733268169180
4.7265751183020601
4.6688491735045989
5.8170505584715180
5.0296830159174384
4.1503354098431142
5.7552825019371658
4.0088239918376214
5.8930822044877225
5.7164485997798291
3.2405518525254955
5.9984509350214079
5.3619534468285046
5.1948972703309408
5.9421614399609428
5.7999380477423141
4.0410274848811261
5.2277279294177479
4.0486350072614856
5.3014026576943794
5.5502958060946685
4.8219280901429533
5.1023503288953904
5.8398467410019901
5.2238205655357319
5.9998155869821650
4.5801901067701296
4.6987560742481742
4.6646517981492961
5.9705152458745339
4.6756514510136586
5.8814715663642101
3.5124706416171576
4.7523189982860314
3.9428206054948154
5.1418107227681071
5.8769965729323310
4.8398827187296254
5.4778716474712486
5.0049065600054128
5.6986983023964433
4.7067188575156029
5.9979816276963840
5.9878471969653440
4.5905425544022060
5.9603436423412086
5.9010424565807744
5.5096061170473636
5.6891410143713870
5.8794675641160428
4.3752415882194811
5.8928796421948499
4.2942387645440823
5.2874699927721975
4.6061676351489638
5.3430368374367241
5.8992824947761022
5.5606310003319068
3.8258709359126031
5.9028741628987795
5.0030507873605687
5.9683379157509924
5.9853331914282197
5.7864486045335379
5.5850707456990261
4.6748272145275900
4.3727662963653380
5.6969337687598980
5.1968561452847357
5.5606682252301383
5.7848144784945221
4.6824651591766839
4.8669986886777128
5.2200680411848328
5.9870126479212464
5.7221007353356459
3.8233262515793545
5.2842114688684134
5.4543576088902874
4.3514807470381527
5.2255822659457642
5.1934465745152742
3.4712571849368690
4.9443965565111139
3.7860516979620442
3.9216389007633170
5.7796347130685417
3.5706626611993340
5.9335692257282169
5.7678819319541708
5.2126587016817219
5.3428245825285536
4.7009318804842160
5.7223063257954800
5.2900003552297381
5.1786658583290199
5.3369018957257666
5.5966294548713940
4.3724957724895601
5.9770198752509609
3.4890717879130078
3.8423435467181632
5.4312578747948734
4.3041915201847463
5.7448304887787494
5.3423069472690043
5.9946402849145937
4.6770370346930790
3.7385160169298493
3.5510974981424424
5.0340317044184815
4.1509388604396928
5.5914481921341279
4.8273409169474339
5.7642992545296385
5.8162838236403900
3.9774872368531971
3.3742122587283117
5.8496592408341863
4.8500779917612959
4.6815639000139981
5.8384299693238670
5.1336927863176474
4.1334430217718854
3.7576250927849353
5.5530073797694293
4.2459126139376613
5.3773681445791119
5.9211818303078161
4.0548783924539560
4.2419045551975243
5.5976433148035785
4.1894972923429528
5.5767296292339177
5.0543983977556000
4.9336221106433102
5.6747848771085305
4.9291831614551036
5.8041421328086242
4.4756654074316176
5.9514462214499169
4.5211535297242458
5.0743266420817026
5.8701453422384464
5.8650490302759408
5.4655198275748704
4.9350078287856860
3.3268007298354232
4.8600650947801256
5.6128474847089347
5.4050354750209362
4.6024373318520606
4.4369550106149589
5.7957836040142645
5.6192388323896809
4.5556334186957992
5.7065279237554023
5.9680167859848936
3.9536447962311696
5.5249136778135624
5.1706827969276130
5.8234357236808965
5.7108511578059309
4.1541365814849955
4.8394591477442832
3.9245251691059626
5.2817779440873425
5.8166097103104812
3.9513392443285413
4.9761497831241810
4.8239822227887812
5.9514486810879417
4.7210063492525505
5.4753371085047622
5.3258597335621243
5.3104080346613891
5.0059222424223169
3.2092688507980474
5.8857319258834924
5.8395205482061510
5.4673867554466433
5.8599405009083654
4.8528606404116923
4.2882018398503545
5.5246888801932563
5.9933717856121653
5.2653143249671848
5.9144542129134390
4.8169272742183269
5.4275871519080860
5.6793111727300438
5.2633137836699593
5.8842509613723646
5.4215445096800465
3.6116580442005946
5.1643726219075985
5.7973652172759884
5.8158030652392725
5.6045977864944607
5.3306581598417377
4.8522542983539267
5.4303739687245152
4.9505895078040094
5.1636004722582092
4.3968056201167780
4.9288295012044463
4.0779838848995329
5.6786759623440410
4.4803494885826449
5.9164535245075882
5.9880634630035363
5.5142533097934461
5.9117014824503000
5.5850829281014667
4.2002921898479570
5.2162675071585127
3.7053702229370113
5.5740621222810436
5.2850381491086083
5.1507349554581570
4.3468130453126008
5.7330229948448341
3.9764396053713567
4.2371462079661093
5.4718694981185845
4.5147551069182414
4.6996588439043840
4.9978406974954535
5.9033354518773322
5.6651007632309192
4.3266841328475811
5.4589059431294604
5.4017929872967105
5.3859199934839186
5.5942855136292868
4.8750672931012815
4.4975553885236348
5.9049242561556108
5.2786045068517069
3.9742317734040675
4.4804928007482427
5.7958677533646128
4.9680204826715668
4.1443768778318661
4.6029244533914593
4.7497701958069269
5.3100345771816748
4.6863472610891366
5.1491111879329265
4.9436297171481360
5.3342995466297580
5.6912903172089351
3.8530113188819537
5.1750047126919014
5.4069592298659597
5.3957354127012955
3.8787971071171130
4.9803823783251691
4.4663465290418110
5.1757262386824365
5.9546495166973781
3.5462145528500435
4.5926247956875512
5.0408035500645330
4.8937654968500173
3.9503580053838552
3.7034687014850052
3.5410306634997193
5.7559744174874732
3.8867844485497018
5.4773884848162542
3.9024915376533338
3.1811157242585049
5.5579459923917724
4.9763590011475980
5.8145046488161443
4.3727605025655176
5.5750105283646958
5.2340573757528759
5.6867886111732311
5.5536664736566319
5.7073396187679544
3.9592142784468463
3.8337842112545735
4.1359223569924612
4.7976107977298756
5.6940633097508950
5.7055688052839280
4.8921648187951172
5.2792434051232604
4.4290100754117763
5.6013451601947564
4.9778573663675845
4.1481008205334238
5.8364815648398150
5.7903282017298796
3.1747063406766221
5.2034260541482569
5.2503066532410241
5.1275779803458281
5.5684880244922441
4.2856082931170381
5.5158487395496891
3.9766242202690001
5.8346329985933991
4.9985633251424773
5.9988764975156013
5.8537931492496504
4.6570627038062806
5.7214437325521104
4.1340403865476958
4.4185801678860717
3.7474405570486300
5.4402550177000961
5.8166492399164493
5.9435043921184576
5.7555429418290540
5.9171994819799911
5.3403172238065482
5.1745035411347207
5.3326173141051960
5.3733297044367321
3.4589098048141560
4.4820755634249956
5.2374148089653829
4.2106616383529474
4.5679756236943874
5.4706676521441633
5.4741640560077709
5.2048378718654149
4.5354030493537190
5.9400068128780639
5.7475776332413355
5.7406878886917854
5.8497508874755528
5.6769467963662965
5.4798536577095476
4.1352088653555557
4.6719954533833690
5.9697828542185274
5.4749929253804686
5.9588260778740247
4.5777789084515517
5.4818687427423454
5.6980059308616253
5.4471166821375814
5.7025134941879143
5.8520622393893120
5.9520230696529293
4.4938522714630729
5.2124192149195725
4.2132712328952202
4.6930716213880954
4.1597158051734366
4.7875369809361379
5.3303652083374615
4.3426289696457809
5.1148597555439403
4.7188781481769260
5.8146405029793593
3.7853458736959373
4.6329562547341432
5.8765369070519338
5.3254060509471248
4.4385174950734596
3.1621078107861473
4.0968890827847018
5.4962978688310464
4.8725960871381435
4.0864703360396604
5.7306362743867583
4.8268102096335257
5.6450435536333643
3.3761200937357225
5.5918453908496630
5.4660680914615547
5.2773507275415890
5.2787661178492611
5.0178223283504320
3.9567756576167685
5.2750047389397956
4.4243530441098367
5.3420644548125482
3.9021153352136575
4.3577950969024819
5.0863993361676787
5.0556199213042223
5.1586616976332991
5.6100928998099411
3.5621029833419651
4.9121100617430553
5.7294505293784663
4.5317280766798511
5.0816811028204025
5.3529820540523527
5.2149354486273367
3.6231987693886341
4.6270585967357762
4.9821219044396168
4.9642946310023621
4.6451964849538019
5.0494219381728209
4.2333816705371312
5.7213920054280960
5.4005308511089414
4.9639113537203281
5.1673766790183748
5.1002471656088169
5.8662207778106756
4.6551894256058670
4.6661902154557140
5.1698610425133618
3.9169317308903908
5.9338567842146430
3.5252259866766131
5.0104149731579302
5.7738078051784996
3.9285539536148524
5.8638733378679451
5.1995156850608097
5.5663009018171294
5.7988028399184799
5.0613849319610882
4.3392042419861809
3.2811926693698950
4.7036469387622919
5.6903351914919504
3.2547305468480920
3.5085296466589244
4.7299546571307136
4.8678143519720667
5.5797948274679836
5.5698129621657770
3.7412175972159472
5.5956409028213647
4.5089767860766639
5.2661752045543322
3.7243266805539479
3.7111731913429091
5.1247828157565305
3.9634982999341268
5.3959467441153066
5.6182087985204596
5.7656451947326808
5.4523667131868461
5.2792124506525013
4.7032183552870706
3.9846541894902003
5.0193686997163178
5.3559557682865933
5.6602649719968827
4.1432265640816155
5.7623723048293574
5.2669136427638961
5.2823687188466000
5.8746132681752989
4.8871882435173335
5.8018854025236486
5.0491217145808784
4.1155938206156915
3.2707851279901132
4.4216122285534043
4.8075823475533763
5.2200197797799621
4.5672430256362677
5.8410839998988902
5.0518563884552767
5.8020321481763979
4.8264714918473652
5.3484592361501040
4.9533150580723779
3.8396276758446071
5.5133327805289696
4.2296698957301881
5.2814489091548111
5.9991618836454288
4.3541083010603954
4.7104017623689955
5.1028193279652196
4.1640834907164939
5.5951319240605315
5.8423934546983673
5.4290052430414066
4.2510168030787057
4.8407734921261927
4.0970267784552963
5.1072334793604934
5.6133778137859185
5.8688947529992426
4.9772359212129702
4.3646055927710634
5.4201874219028365
3.5774080940760453
5.5211441094567428
5.3767847521938297
5.9557037116249827
5.6982046662231571
5.5111743524654955
4.8309409891690951
4.3303865344044254
5.3520555121030009
4.6192885087178883
5.5017221231389319
4.7589979099135338
5.8551781072521738
4.9091711886250149
3.5560310773427179
4.9957156537316010
4.4220016620032343
4.5488318316652343
5.1140775779498444
5.1376864514867941
4.5342756726831634
4.3675050186313751
5.0214933080826931
3.2808600912118893
5.4683904616385677
4.0685715922579844
5.2081508974971733
5.9462100537767064
4.6007690652565421
4.8970591049912313
5.1913743675771400
4.6626675934124862
4.6015778305155788
5.6443321425742701
4.1591005743623466
5.5115544273919106
5.5852598168313445
5.3273974396615120
5.6710876142092630
5.0891328543218375
5.6602321808995359
4.2411607938779898
5.9096270527136276
5.9373663830937407
4.6479769559221227
5.1577021225633004
5.0081948524931406
5.9447816436535277
4.9123513190255848
4.8726049623500023
5.5788623011993153
5.3651502318512332
4.6812050415673951
5.2217758336998852
5.5325368090773299
4.7970490827459997
4.0848726333346423
5.5153256631474763
4.8419623508215501
5.2776308953750810
5.5073997523195999
4.1299343799895940
5.0006066640691440
5.3091273134240629
5.4527166707445662
5.0249624307229412
3.5910149518479484
4.1290764591106690
4.8138762181895025
5.9877898775244809
5.2909356033940176
5.1536103824352555
5.2901293973728798
4.4400176380339902
5.2839070844210054
4.6992853182489025
5.3230001073612385
3.7899174272489047
4.8455085646145619
3.9501749901794172
4.4762161363596569
5.6576958038591272
4.6240991889675973
4.7647712987503787
5.4731920086192218
5.1765667225821943
5.0772140550934175
4.0829550623185087
5.9321064917291810
4.9513799652705046
5.8984165619356101
5.0466141247869682
3.7756112420079493
5.3234048556932274
5.6376785504603797
4.1063031007071835
5.9373944831892089
4.7218304316572040
5.2725406082720578
5.5168144926290488
5.3275187650570164
5.1962791327197264
3.5606281994848681
5.0385918692118796
4.0629112205680356
5.3452933422100601
5.7646459940296353
4.0572892568280139
4.9562559716086128
5.3509712480990350
5.3795311433074771
3.9128148381292398
4.3943087465575088
5.4750917537924284
4.2141325634776319
5.3091540151149221
3.5851283472719988
5.6087699729606033
4.6234919945916930
3.7909448335809168
5.4772717185742028
3.7950033325946486
5.8215363486573910
3.6322266763992612
5.3238664699301150
5.7037639329286236
4.6066123419085505
5.5781761524606086
5.7628171148231386
5.8807453059239929
3.5334952151304524
5.3863568073911550
5.5180527757998155
5.3825044776782649
5.8330583799058608
5.0988001456663401
4.9087549011980363
4.5516879132676840
3.7369000768630833
3.6806528860355447
4.6274626234616800
4.7781041439544012
5.1920666113476699
4.9909420579124619
4.9658177591285551
3.2542698560036047
5.8809165123557952
5.7904376797740174
5.3469690693206520
5.5445310337414124
5.4450337064287009
3.6870829732925565
5.4475511514935544
5.9637263313487123
4.9295803962651670
5.8777595902072681
5.5720637629753149
5.2801193533391917
4.6085816115002691
5.6079930078467157
3.8430521241406876
5.1477379108702692
5.2092611353804337
5.0977647677522508
4.8727755264624584
4.5684773526713283
4.5072985764054003
4.4265171473311913
5.4963856304582412
5.3171437559318084
5.2036325477634673
3.2179429182520853
5.4273685355506327
4.3971018620199755
4.7962843637373860
4.6831249734454659
3.8293860636073367
5.7440461347856751
4.6617411615705304
5.1884064048065621
5.0376297743130927
4.9205852055515331
5.9729956677978819
5.1413225006258312
4.4024159738813111
4.6494767539442039
5.6540648206530548
5.5980379012359975
5.8691692686243027
3.7380518550692643
4.9958703368424260
5.0204019314661679
3.6108164207514140
4.8463573340752379
5.0010997809016207
4.7049730313295264
4.3162711887987442
5.7937184334958944
5.4232689107100809
5.4645257953873960
5.3210061275785216
5.7600595395063028
5.4677737236643962
4.0535040088638610
5.9302348600774675
5.0857255275769209
5.7214430739626163
4.2709512387736144
5.7907660831631365
5.9949345867776520
5.2634914276425695
5.6810468510171432
5.8858506012967950
5.3590451343248420
4.9636823685802094
4.8797208601575894
3.9981643366113846
5.5136181155498258
5.2953195291187987
5.6618368979995699
5.9293511490209632
5.9375743058727046
3.1772727108998535
4.5665552850806286
5.8947709975257432
3.2698042609777467
4.6431452444051535
5.0779179203466533
4.5086957686393170
4.5757007743910538
5.4045038432342984
4.3442393421190149
5.9530542021777686
5.5667763433834407
5.3423781966366928
4.9438469069717561
5.4634082776966482
4.2069413722469697
5.9032853811914112
5.0708984522438172
4.5391203586841247
3.3978308003282898
5.4519067637918468
4.6446742502083893
5.1102386958501631
4.7284339081484346
5.8461609842073807
5.8478389527928778
4.2857966751570835
4.4651758506948873
4.7983519076297547
4.8968254336705197
4.3010730536662525
4.9773200658996641
5.1333625377979963
4.6212246477785204
5.6142976927872734
3.7302884845301576
4.4568533968670723
3.9751605372551944
3.6139043756143159
4.9233780052888569
4.5273355862641438
5.4478127362301372
4.4405849768151828
5.6389383171907177
4.3700714632428834
5.3129977875075483
4.2043745738318279
5.6829439980943359
5.0419078419890706
4.8940167563967041
4.8880911394666615
5.2669252878411843
5.6906891499690158
3.6559319905622591
5.3305472230664481
5.1904276073869271
5.9209175926305573
5.2777712027207517
4.1933444064418053
5.1134325380735914
4.7073996531697233
5.1637128080169505
4.7949277140414450
4.7968801788762132
4.8738618948403776
5.8408759357450606
4.6421658228044596
5.4384834685926240
5.5109064170085187
5.7066245776178732
4.3804322982245827
3.7804623684668561
3.6441909353414967
4.7471140553076800
5.5674928053321704
5.7928068677199285
5.6458220849255678
4.5930639756958147
4.7776583492438673
5.5453940719955774
5.1937913184006312
4.9102853441947296
4.8175649111967251
4.5802821872379038
5.3890554113457698
5.3466049401097653
5.5317186850640887
4.9559523550703899
3.9908682509777922
5.8776883129363187
4.7538847174807097
4.1865964922288246
5.8764946330372272
4.1614549137797088
5.7267927692951357
5.2407494730248025
5.9413570805453109
5.9419915401491821
5.8119301648204438
4.6801133784133828
4.7062791778496509
4.3664991820403678
3.7165732843228652
3.4452569623702227
4.1232925757155243
5.9599546828295864
4.3154978714543715
5.9214618311923566
5.0550653371436933
5.1354113552111027
5.8799707143184712
4.8879769941199820
4.3789378069092715
5.8040600565231379
5.1880202442691239
5.6931019233895652
5.5854984808202524
5.8365664389309071
4.4580068901635395
5.8741885216637559
4.4737231699151261
5.8543603777965707
3.7906436157509797
5.6609828698778122
5.4945848567347033
4.4843396594338074
5.5560330616084723
4.8465870302838763
5.7928364084107669
5.3497009951381722
5.4472172094836298
5.5196324010826441
5.6271447829769121
3.6401723710132186
5.5941752086407854
4.0327101322949588
4.2073809174878534
5.9534384728023522
4.6899211419006690
5.5434036297272051
5.6101361816235329
5.2626327591367303
5.9343347240131372
5.2623781125409179
5.6696454090084138
5.0074041866356911
5.7029683291075237
5.1682089812723566
5.8208011602434162
4.3721000774743706
5.4430043998304001
4.2169468569535988
5.9526501532907234
4.7209511193540230
3.8656218153292929
4.5101909149422399
5.2624562566620554
5.2297302527948801
3.5857539175444790
4.7080676569334585
5.4167586495273330
5.7026450535197828
5.7156956286295095
5.4475514828366478
4.5335820423533004
5.9060016130313260
4.8918157522960772
4.8876925233565274
4.3550929248366241
5.4690121636959992
3.5565475600446916
4.5711838482217590
5.1893645728314741
5.1950205675319880
5.9586201808800183
4.3416494381014177
5.1303088117099769
4.5582542311358552
5.2708591865637064
5.1002521022645615
4.3948848723600689
5.9303260786590624
5.2547409688174778
4.1504472718000596
4.7601615122371319
5.0500250222259737
5.5457421108638778
5.1765098634607796
5.0824881243113023
4.0022958119991507
5.7529758825012962
3.7628326074553522
5.8346302357393593
4.6772078144668328
5.7810653769140892
3.5263436499187657
5.1439631838163820
4.9124336669917028
5.5364226390327662
5.3661922785617087
5.4178344008451989
5.9810228115974429
4.5507970752066917
4.7903607941448598
4.5043474916036708
5.6328065850298437
4.3508763923662626
3.3822959920574727
5.4992558952936843
4.4275607821746314
5.0680305184178494
5.1863663577602939
4.2832950867784607
5.8118567317749523
5.2263679280719195
5.1300448503690932
4.5683008232343090
5.4889648512181282
4.4448240436860011
5.4705226208501685
5.4594524256849724
5.8778644590123772
4.7442486706824054
5.7617590512000278
5.3482378174508742
4.4740722472229688
5.3540317641992665
3.9716298915680679
5.7391284374781861
4.6112793445447444
3.5723740286975780
5.4752540946018602
5.1979846158150469
5.7300002172123854
5.5358418112909842
5.3750130425035394
5.0047637810578482
4.9152647750653973
4.4941664417944516
5.3490773939429630
3.8737693764325427
4.7917499699203550
5.9309001733851403
4.3779675924336470
5.4114548250457819
3.4025982568471504
4.8111048427510745
5.3476673714553957
3.7234402700943896
5.6007615984614141
4.7099802069119425
4.3395808135087206
5.2113791333648756
5.8435671411331409
4.3961574481614196
4.4042474675927545
5.3855854211270451
5.5700156613855771
3.9813871242935734
5.8487227711135441
5.6008070044342730
5.8627201062714933
5.5148414834911765
5.2540012031482615
5.6447373790510458
4.9339214618296294
5.3759843182724696
4.0750013193180337
5.5833765057255444
5.1243014084056098
5.7679706489385900
5.9941408539331711
5.5160333631876650
4.6396207634788755
5.0339181123968633
5.3371389257169799
4.0399353736948562
4.8122011799976230
5.0638366810812272
5.5284886697513107
4.8645398302399689
5.9576284080172899
5.3528969048354229
5.5940029809471561
5.8923184186032582
5.8790489994273791
4.3694870435486886
5.8441436382256935
5.6225638894934447
5.5703806540010721
5.8821476590495259
5.3536904372371428
4.9745981087653295
4.6012689309354453
5.3312642204923089
5.2360379909040766
4.6435380426012323
4.0148049791797868
5.5575734606205121
3.4036671137972765
5.9293708033634358
3.9258868039189259
5.0083369584976865
5.6880422925609038
3.8096062364115584
3.4224375180757018
5.9466394091061163
4.1337546761774764
4.6950461445776064
3.8439124334553192
4.7090777229954224
4.0352516502247440
5.1870033871668833
3.5683943058597958
4.6081219861223488
5.3056122848641927
5.5978725555059992
5.7126410680147020
5.9966702175006912
5.7855507018179360
4.5880885916315641
4.4220951320438031
5.9582250685055200
5.6626140880029023
3.5149542356797312
4.1752755717077434
4.0157770883021708
5.1083772309901203
4.7693337706781698
3.2696768883360501
5.6158319496322271
5.0302687263160184
5.9950109355364720
5.6887515076413404
5.9500119123099173
5.5015024756084934
5.9066760631037241
5.8370300486465059
5.1023823394348717
4.3849484467422268
3.8972552317276197
5.6852275413632096
4.2408199669977380
5.4939830355364183
4.5283506023813915
3.6777957758971604
4.5121081973700363
4.2514500632436363
5.7827788923345915
4.6154076921852427
4.5977707006176587
4.7634441818992928
4.3222785029540702
4.0275606702175555
5.5538603383113632
4.5964343117389763
4.3449463131998769
3.1430027242475962
5.3740594936693062
5.6265579309925426
4.5235690104197221
4.1151845724968670
5.3554692397406463
5.1320174590328351
5.5717910028012394
5.4669308725432826
3.5171850290148723
5.4128212976236281
5.3847424524608343
3.5265852898905021
5.4835230232960051
5.4206891080259254
5.6863836516193143
5.4767790760903505
4.9694051396108581
5.8841944539050708
4.0940014060949856
4.8300998355960312
5.7782550688689334
4.5321666151153330
5.1387844192999275
4.2933622290701674
3.5381463231849830
5.4932558059187970
4.0603969110851583
3.7288597730759396
5.5301456927723969
3.9584920717234708
4.4021448433390811
5.6789872669162538
4.8762908527359299
5.6591459161631592
5.3142788889903185
4.9881981282178476
4.9090541223416579
4.9661083900019154
4.5057000704384835
5.3455969157728180
5.8195999826036129
3.1973172852197100
5.6193263053918523
4.2023338320087378
5.6218631393972363
5.2765507597409718
4.0540836504773292
4.8727515305232654
5.6330580838363389
5.7103021214963094
4.0936817818004458
5.7505310115413906
5.4022789166216327
5.9786814643386181
5.5165601561089161
4.5359260466874929
5.2448081001722571
5.4179533669762439
4.3965297923037312
5.1676044278858875
4.8412365735246263
4.3137558814915806
5.4122079147826234
4.2629535393589899
5.5403939871107095
5.4446991292503757
5.9287404473201608
5.5442328444310345
4.6612220876851387
5.8968891859250157
5.8006351014797399
5.8451734105631878
3.7732478830496707
5.5436856261901273
3.3459021968171592
4.3463712329476705
3.5686149352963126
4.1443589305725821
5.9662913332649614
4.9184822750197394
5.3989873372745532
5.6837049060548139
5.1312985505240549
5.7171978452348657
3.5822553946986337
5.4337558382501498
4.7135041754999891
4.2821600143157239
5.3198699310742539
5.9579464097595407
4.5099084421191709
5.6241482028722904
5.2416078008076035
5.4529017777602133
3.8142010740478591
5.3756086613203573
5.6621616801880243
5.6012116606920292
3.8386996680760737
5.3795751411544863
