0.5308331061558392
0.3652403413657025
0.6307179459228249
0.8078044771015562
0.8098685443882878
0.9918732998839642
0.2231411903301576
0.1970111309176126
0.7591519347235623
0.0815537952588687
0.0238528473655932
0.3866142109354823
0.3990110803139545
0.3346427271119325
0.0292823767884802
0.4394899665655631
0.7876644713408327
0.9893471777279832
0.3946997559632818
0.0839036796276060
0.8842027550729559
0.0373147465595429
0.5732788983020607
0.8651084968894331
0.0870425951326863
0.6592460547914861
0.5865343500083399
0.6798529789828056
0.6471033642095927
0.8674164075877864
0.7446078927753188
0.0707796910692735
0.8070964957741845
0.4476203311095005
0.5625615557801039
0.9467843730510710
0.9634468909998725
0.4164231665334555
0.2479758980457605
0.7197600261744969
0.2980177482307603
0.5033500851856615
0.3976882103192287
0.8985104251325660
0.7919140704146019
0.6238435618789867
0.2563693612617691
0.5868143229848737
0.6093216013266650
0.5329293503610976
0.8284807028951027
0.0021870463335570
0.7145780052952384
0.5769796194008432
0.0165864173616667
0.9193063801375992
0.7476439828510177
0.9575948671586944
0.2845119211222273
0.1371240833831436
0.2394180873496966
0.4689719500677594
0.2829591639431616
0.7592384305132206
0.7747367568563424
0.0388880335319333
0.9506910495861218
0.7888596791001898
0.6828344850498204
0.5530870898692236
0.5466253318949540
0.1754627753265201
0.1385806335427540
0.4359469475141187
0.2569361727995485
0.7860947818257706
0.0214548415683244
0.3529045065090635
0.2161543421355426
0.0271589922527755
0.1446979446243866
0.7612026200190746
0.0232522420101343
0.8335061461751658
0.4188913836810702
0.3533839956424991
0.1054762853391275
0.9147941429260201
0.2408555138412959
0.3556038424995428
0.1489135506484774
0.3979040075892650
0.1676495555170701
0.0063260577165043
0.4368043204689622
0.6882286512157955
0.7586427065208483
0.6479002584256773
0.7048575095180836
0.5799086489311074
0.1176041962546447
0.5673686769271258
0.0045299037776677
0.7102115052087663
0.9922912699697536
0.0051215824270521
0.9122120191707903
0.7806808340483612
0.8732723573732747
0.1095625816927679
0.5528739393016446
0.8781713643091646
0.6692453929638545
0.3280729573681901
0.4424473109795316
0.1103489741588969
0.4670466506504323
0.6748760301722034
0.2796215810899664
0.8970087068644860
0.1343576800900343
0.9878331140804123
0.5682046689803799
0.5037965710168590
0.8118850889325832
0.4952476848473670
0.4838847029107531
0.2351579870689144
0.2628518277741057
0.7605171499202649
0.5971957374936234
0.8260282064848240
0.5827872841633293
0.0546800191805197
0.5645630664977558
0.5166958537408411
0.3788401129411385
0.5605700588928774
0.7427894336996598
0.6372107133874507
0.3902475950779413
0.5008033976215386
0.8431737030427481
0.2238449845404593
0.8648445445808579
0.6495221125795340
0.1069730712169599
0.0887266730499551
0.6440373968761894
0.3654816040302457
0.2227952977016612
0.9014507720051681
0.1586502127421450
0.5599576377982893
0.2048801039175669
0.3861770928988556
0.8877741046236854
0.9752010064481804
0.5141058694647905
0.0735855645749962
0.2253264990012535
0.5898249197192348
0.9044423574828706
0.6169881201488423
0.5477318602138486
0.7331899047930076
0.2750543425267556
0.2593965842617770
0.8761181439037494
0.3677925670392864
0.4013432436632896
0.3104519676892720
0.9955539937026225
0.1427241004022177
0.6658613309261043
0.1442315358045819
0.0527416973022971
0.6356620358616353
0.6746704443870921
0.2496216192439035
0.4557641110384584
0.0616984224102655
0.0382006720297842
0.2727033977410235
0.3747587675215259
0.5023245190682281
0.9261157867229802
0.9474456842172988
0.5294469834383961
0.9175132537596115
0.9393701439953472
0.5426630716723332
0.3280607553057582
0.6311536523642214
0.5275972852535835
0.4792671416587060
0.0273151863452652
0.4416024475511690
0.5904068988213907
0.9758399400084710
0.1226270677126440
0.0939865571730778
0.9338815790601878
0.6538128859775079
0.9642427975826547
0.2659127393472142
0.9758031056482315
0.9515944022777014
0.9241358150025680
0.6328901998716181
0.3083314786023422
0.3877182986408687
0.0750227659775101
0.3384745732215610
0.3930605422359953
0.9199985522028179
0.0706023064569571
0.2285041399468069
0.9361634180641578
0.1750589505032594
0.2370153658760979
0.8838324260629984
0.1597903214188502
0.0591962054818966
0.4116775191940396
0.0407880303895093
0.2231403781379021
0.7005108506197983
0.2956760079101886
0.9144789340539937
0.2852897788949462
0.5040351746668904
0.5154400467166863
0.8199636831019527
0.3268171623539931
0.0947117944189095
0.9478278440191292
0.0499036520248236
0.4108293832714233
0.1811286245871482
0.5146230295247538
0.0833934809921614
0.6694486031515307
0.5705335242677986
0.3859110785258256
0.7328761576889816
0.3199653647378771
0.7776835954371771
0.3532738771441062
0.2461125805534107
0.3277486518608620
0.2386492102926533
0.7795936700458937
0.7781729450118694
0.6274759461578076
0.5007261619522702
0.3217352995642656
0.2148286486133449
0.9490811336112784
0.2006905036645227
0.7038467454761618
0.7704104324832225
0.1805099233818377
0.5539558007293495
0.5102475476667168
0.6784982990121274
0.2503421807978412
0.8399075635081011
0.8804085187586437
0.8002454379585922
0.1166364665858208
0.8094751132322948
0.1758231028772868
0.9149794058936708
0.5649884728595098
0.1230318122362637
0.3198953913946410
0.4180647106091124
0.7125844139934343
0.3990337655255425
0.1377348619472843
0.4793354196007219
0.1008524287687586
0.7878289285768195
0.7419796528260574
0.9418200106846790
0.7443916431877041
0.7095591341928122
0.9724188331630161
0.6880518908279779
0.1500388982355159
0.0739701481677757
0.0550709348474476
0.4649629078758435
0.5895302932097921
0.9418002473000271
0.0405090006704046
0.0487787866864509
0.0190515028526774
0.9038630762934943
0.2006824827046048
0.7114020203220865
0.9257984553766021
0.1357823120364136
0.4429901262858259
0.7668109607797596
0.8008772942850666
0.1647061224001478
0.3055663270228473
0.3223172161036513
0.0350512973876159
0.0574793067424180
0.7192682727552322
0.8431562256704923
0.7175387981927928
0.0779762183189059
0.2759803116556062
0.2556740376848837
0.4265289028074194
0.8446160647233156
0.3986382090370015
0.9854378281925255
0.6029512611961211
0.0520384846797928
0.0708949510318586
0.5564649282037443
0.1271817650695890
0.7623729407421693
0.7078731440419599
0.2594301155217291
0.5839798820885396
0.0289851408766562
0.9547285023629293
0.1676238951345400
0.1432293925933311
0.2165882766841549
0.2524512969761066
0.2755618918750976
0.4554879127285835
0.8819649040115876
0.8697790621222989
0.9034202322434579
0.4150199073198904
0.8293300639948844
0.2804300973163008
0.1854760007496525
0.3418333289608169
0.8887715815069438
0.6727176599418814
0.5014474089544256
0.1848675882251892
0.5142628448266170
0.9222136928820830
0.4963426147343033
0.8281100794585102
0.8339306571122193
0.0624835220072426
0.8445786802064565
0.8984717709413695
0.4294085622903027
0.7853280287394294
0.0382550431124381
0.2166102192116511
0.0718792422047962
0.5419160223583592
0.7934261251477792
0.7787661648586399
0.0868341237997999
0.0442167725535768
0.2228645754213939
0.2227634914135374
0.0575970060841512
0.5879009103995719
0.1526324309685372
0.0777535760775506
0.3118607079828194
0.5709938197676079
0.9733785504730316
0.1138048603081406
0.0087434986746144
0.7712114042586020
0.6813545359484394
0.9004016185213859
0.0818569333067020
0.9235379048434061
0.2514680484017009
0.2290538228970238
0.3671823831291774
0.1123089860227905
0.2588906457408475
0.1353731520718002
0.3246042041422311
0.9690299955476621
0.0984484512705895
0.7709080988003482
0.2319081653091914
0.5380516146260450
0.9388824496666909
0.9100368442632464
0.7245250949367105
0.1311607092475389
0.0399214683677180
0.8983169807863003
0.5512070668285542
0.2327635487578756
0.5787763167568792
0.3828531326173392
0.3023396983761871
0.4389630933495594
0.0735168866303204
0.5066640230811843
0.3333130016988231
0.1844080142359544
0.2654720436741894
0.9845907574806787
0.6575316422738275
0.2758287176757388
0.4028777774308617
0.0458568749118685
0.6354177769240240
0.3780956105298265
0.6402314945254594
0.5301872940827326
0.5699258578149333
0.5001669957985506
0.9627006084871345
0.9901778175371537
0.0153804574777292
0.5068024438813680
0.7755276467211308
0.2137948115741336
0.0070855258268145
0.2257920551214291
0.3006084627924067
0.1799314353521967
0.4913452035112731
0.6133163402676255
0.5922801983113186
0.5107778166530399
0.4536589171889007
0.2867754613632223
0.1906673036946358
0.7068801960243657
0.0597309360268705
0.5437695070557934
0.7246558660630819
0.7640969000182517
0.5308688524497357
0.9934602126850121
0.4898870895904550
0.6116156563167156
0.6317879605437207
0.2630560844808240
0.2343906410496892
0.5669613626797434
0.2313474072329110
0.9585951457380379
0.2676106353003223
0.6336908465964963
0.0062585835004512
0.7197949092131634
0.8187456436895000
0.2220423951836284
0.3045402844120655
0.9744381717576247
0.3550166839487149
0.3078557911826616
0.6521091325711457
0.2647872325004013
0.5325695172216768
0.7204563435120868
0.9311074858534464
0.5115494180023918
0.4416462455815485
0.0300016082956200
0.8069038884569938
0.5007949889948273
0.8156238228557823
0.8900034273249509
0.7399948896539655
0.0957357441998263
0.5799694795199001
0.1157611509864443
0.5837059870872318
0.2268233792207649
0.6762575415018531
0.0445067650013948
0.1576318760870774
0.4262132357769230
0.1371542188293140
0.9185873141637017
0.9941779560959638
0.1391141931779144
0.6616223268608714
0.8818096792316955
0.3043303120251761
0.7039785876264217
0.1400030706555019
0.4075815703066807
0.2793688723609055
0.5262091768724636
0.9069389404362935
0.8477966942610689
0.2525500660568847
0.8982778680449878
0.4984318948969618
0.0560009931363720
0.9061120949255940
0.1563960077481432
0.4794783859960184
0.2856344748892397
0.0559041895344858
0.8621624645584839
0.8235594283075243
0.5428890963135001
0.1186100058809471
0.4319290012268334
0.6793724880315954
0.5374637717786193
0.3112920564457421
0.6485931888008462
0.1184898475791507
0.0916335016044612
0.2948001155867472
0.6818643005302928
0.1779836952396628
0.8842389720019329
0.3235763255805363
0.1990437707025766
0.6589242918067029
0.2214542773458222
0.0430734097617648
0.1989122086802738
0.5283141307044318
0.0331095106153547
0.5004717815256380
0.3475086625712074
0.1915521094824445
0.1099504817576246
0.9722396159636387
0.7630600829497133
0.3312628491846272
0.7002527676955641
0.9303293101002543
0.4506841187793873
0.2201072286181236
0.9087962245680496
0.4869820879475241
0.8227282624501737
0.2966204773575846
0.9520141594257605
0.8999587404979399
0.7192354154483662
0.5942385906656498
0.1501449684039120
0.6749632988972822
0.2374507664907319
0.2127254033410015
0.4604076254857910
0.9660745255971241
0.5750807547418207
0.3814996149933753
0.4342702431067437
0.7705402316249038
0.3617345163720662
0.5353022228666749
0.3285701280424569
0.5657391128413793
0.4370427435652984
0.3336503615379759
0.8679610375379949
0.3979621521231836
0.2545550449063646
0.9970622731908212
0.1252755215388006
0.3282333299094357
0.6116382305805272
0.2383432414445558
0.7333656633779566
0.8590188375753773
0.3781270145878414
0.3862386423430488
0.4389618975905903
0.6259043535760505
0.9867453157635665
0.2646046117455227
0.2759276257065655
0.0181376302190002
0.0719100111094806
0.7307169029713101
0.4366337853499600
0.4776892759428452
0.3106521506488404
0.9414281420761972
0.8713113719186768
0.0706847511724846
0.4553347800629035
0.8806944223323502
0.5761537160154031
0.0607017134503863
0.3275833441515679
0.5899336254658558
0.3184549270079120
0.2159648093848415
0.7687279399130604
0.3258509319437842
0.0125472580625823
0.3496234528871427
0.4590233651396735
0.0465454134501572
0.0735164095786627
0.2227804750066523
0.1855115586053497
0.5368777864652724
0.5525222787119645
0.9376331050032849
0.6295487263099523
0.4171767431311586
0.3057923146152564
0.8634127868886609
0.5855487525167511
0.2871816318939481
0.1853609886625290
0.3709465553090500
0.0947709755162491
0.0697193321005692
0.1810623679086261
0.6628332455556190
0.4428405864523300
0.3744856983269899
0.7665509478990938
0.1087039062513576
0.9376616743538514
0.6392380098686747
0.9028743758408490
0.2928940057086175
0.5312803540435450
0.6326813558288604
0.9876621393278384
0.3952409549353123
0.8790232755963350
0.7449856201876809
0.8449936546431159
0.2056217998411057
0.1960101384541539
0.7264775966932628
0.2525929498072037
0.8051701679694323
0.1254702132324996
0.9351323287565934
0.9530920815032231
0.9592592530429518
0.2218423925108377
0.6507438235907285
0.2628671104319229
0.8368894280221748
0.4116670125903225
0.8555018432671130
0.8679719307822946
0.5045341015132524
0.5312985190088158
0.3630583204314028
0.9198751378214799
0.8599656385238680
0.4263873185947604
0.0528948613714418
0.7936015484707984
0.7470946375885038
0.3466771859734029
0.0692661860242867
0.7621721238024604
0.5821839013422615
0.4972639274025448
0.2753400896276703
0.7682508821298162
0.5019043891245606
0.9608073885398755
0.9477814729276174
0.6949574334543364
0.0195863134977362
0.2206749996088542
0.0419156968705224
0.9667828697175287
0.4804916136287727
0.7010304222197165
0.2049253202259901
0.6331951392988026
0.2383166706694889
0.3285150246324020
0.0642566347814683
0.7550010821605709
0.9318394635275289
0.9884904198232224
0.3904361413449504
0.4625615873129654
0.3643916658513527
0.3851107332586878
0.4028022032326383
0.2169355668347006
0.8158487069121696
0.2729506444756002
0.8420896331332843
0.4054584132320268
0.8926350341774136
0.2534951790684242
0.2462437961961753
0.0321215291004292
0.1132083084492437
0.2202735804276579
0.5538971108572724
0.9927742087470771
0.9064102597025400
0.6160929383387939
0.9576336094597663
0.2088870355406358
0.9942197202581724
0.3624105674587372
0.0516316864123649
0.4320404904793307
0.3047852414177410
0.5758610255063801
0.1891984736801803
0.2906340483053568
0.7795740536011315
0.6792385444511660
0.7821061569268820
0.6501624280199306
0.2371204817777195
0.8435339502191150
0.2793566694210319
0.1920657081604837
0.4909213069599473
0.8466697130968062
0.8126240237321533
0.5021493156195174
0.7789972513611487
0.1053149881937674
0.8454037562466954
0.0130431144485338
0.1557251922822662
0.5933107941830845
0.4120661523278788
0.0629227849249482
0.8531227149562000
0.2131135288955729
0.5477648907104935
0.9750343329811949
0.8675962168274154
0.1032244683098544
0.0646203353289029
0.6631911392016687
0.9012632241433445
0.9705572129170917
0.0561780105495683
0.3206176890716227
0.0411283810572652
0.5829766360856609
0.0161314046641344
0.1938057544319940
0.6182881639983960
0.6838176767513509
0.3260935408328293
0.2366996149215682
0.5459784697999606
0.9153152910513371
0.7528198841263478
0.5472313161183585
0.3182073638410302
0.4839503916793618
0.1323410654347414
0.9036781129686327
0.4655783543042376
0.5457307179785125
0.6862840667775618
0.9818724976389817
0.9921419669068250
0.7508234431524219
0.2793394623767648
0.9563227069530917
0.9002848010350136
0.5009870733519010
0.9084868877070331
0.4001955098982809
0.9033372044839901
0.8527508908848689
0.5107476254828920
0.6361092843779419
0.1292855778390857
0.3585420594456280
0.1084734585173953
0.2840241626055907
0.8998493038635452
0.2610181696310327
0.5108150493725301
0.2649122591869887
0.1539382628470253
0.7645917526023455
0.1748763705973457
0.3851867798361615
0.1672797638728085
0.6961150619583034
0.6668036247398994
0.7625529465834169
0.2370011244041090
0.2644124850146478
0.9735933639043669
0.6918678327701571
0.9058500620664165
0.5990587066250967
0.1200779969695864
0.2395747362676783
0.3533261669528215
0.4494438094546741
0.1352205774216688
0.1431443156423904
0.7430758542215280
0.6680614117371113
0.3644234445701644
0.6265176275308164
0.8742464196811536
0.8938484918483489
0.1728782759223789
0.5709186944522391
0.6893677912049619
0.9931691144665624
0.3170972172792413
0.9453522572378974
0.7681167355983110
0.5442314253621311
0.2771508942661155
0.7867734542011732
0.3896214182065466
0.0464009435086395
0.6003154775936381
0.5339682678948183
0.2302353176857972
0.0977039669365123
0.5163482933612634
0.6062600202776941
0.7943594663176556
0.3188086158524125
0.4753377454302977
0.7635617905657254
0.2980869809284385
0.4979727847073238
0.0801187917734109
0.1438018690934175
0.7470762891116850
0.4367316611541251
0.3436199825484362
0.7198412229322476
0.6691711546250474
0.9100037234169618
0.9104364598966446
0.1090066944566431
0.3982615861954832
0.1692778737148235
0.4471755291534458
0.7327417492776734
0.2523167476046357
0.8429770160697679
0.0881450522142334
0.1762859711666742
0.0687952166079780
0.1434556356519613
0.8929264472594661
0.7856087226714059
0.0552257010849142
0.5102322304885242
0.3093794864409016
0.2618174809672379
0.0103299490193308
0.7142315103255575
0.5240861305528909
0.6168897860322901
0.1652451642942837
0.6546831807329880
0.1035149222601546
0.9681875214909804
0.4036092179219342
0.8700055591410417
0.8264810953498141
0.1378786105668516
0.9759734128605315
0.8000185638626669
0.9687584589547862
0.5354761821047193
0.8005069635012717
0.8667076468304613
0.1678976982869979
0.9850369378349675
0.1238400219064116
0.8232275641598661
0.8600053904556867
0.2064792479481961
0.4228878731879040
0.6886833179919158
0.5567772225838978
0.8332259055401208
0.7737833437155482
0.0315050117204140
0.3721016318978703
0.8829881626637454
0.1810988426269730
0.5164866217460738
0.9970264515476225
0.9721101099124079
0.9384314992811534
0.9287504544465525
0.0283697392912311
0.8165623761826291
0.0046315348088184
0.5885292110005941
0.3539171936627027
0.0867712290119782
0.0159692960554272
0.8291870325073050
0.6718331112221819
0.3917430751493204
0.9637305541327152
0.0412323942139211
0.7501101467223545
0.7338486052446666
0.1960446954019408
0.8690985687944545
0.8201056983916133
0.5516445094824540
0.9549072353728231
0.3787148093443000
0.7956985123871684
0.7237541027080778
0.7381144546528566
0.0464022890079253
0.6481310846136553
0.7859601991310355
0.1566299549809345
0.6327690994885166
0.9014406019588527
0.1389845959445289
0.8573832190488054
0.4251095224088157
0.3306998361537155
0.8764038710654085
0.3398542743537206
0.4452598290375214
0.5871088435145557
0.3914243543424141
0.7405350678412194
0.8708751360313348
0.0217075058948603
0.4796202331383077
0.1270635876085686
0.4498557643470363
0.3737757297656265
0.6083171935328684
0.5490803026742564
0.7644213257250342
0.0755210560462094
0.2780270537015695
0.1707400959744102
0.4700434144597025
0.7543253249472138
0.2433115504977176
0.2317057640231480
0.3908405322979013
0.7104646031725136
0.3481860828065034
0.8868887910014727
0.4713017199261341
0.4141688760210910
0.4004976243678792
0.0179956106675547
0.9023814143659254
0.2074802704259185
0.3544015117272274
0.7874074503953779
0.3806860981737259
0.6621153417849168
0.7699388221346540
0.5419708028846039
0.2994225800814001
0.8557660260444626
0.8379547504149918
0.6430498869926045
0.4552076213008270
0.9843308392499127
0.0538465491449835
0.4283157519330630
0.8353349598695045
0.7498990802185774
0.5911793592572351
0.6087331738657381
0.4300396926092503
0.9456408089209989
0.2242337960491677
0.8191254133507025
0.4082449039269977
0.3182712144732900
0.8481651557308406
0.3955395589671298
0.4446486067497665
0.9798073636460973
0.9348503154660524
0.0510148461718672
0.0243576339729888
0.5466634940315945
0.3405774230715265
0.8964737163403040
0.2830119678698640
0.1037663821734052
0.6915539586626680
0.1912509386764047
0.1354907703501755
0.7952862756501854
0.6960934592502389
0.1275249047974214
0.5962395123745615
0.4965415615327669
0.0010055252287018
0.4052655774081141
0.2790723544682113
0.6814913739361302
0.0253734649771260
0.2894449300877450
0.0456351207758594
0.5695179687331364
0.4177723883354545
0.8670362243135133
0.5075469212844979
0.0211445208287827
0.3037662144903061
0.2873985936038661
0.9910836021996291
0.0400396664227566
0.5884760966567613
0.3658876372246709
0.5608849050343327
0.9404295548360261
0.3328235204958667
0.3799748754768703
0.2191158358761980
0.9596823064949425
0.6652489080098548
0.7613470435382665
0.6441059854436056
0.8466283689682661
0.7204538113334382
0.7005108625338047
0.1977758512416160
0.4751210725011097
0.6045880876042792
0.1532720705166812
0.5423317595992979
0.0916594232683480
0.5448461927872222
0.2005096301570035
0.5170719648854815
0.9716583410227038
0.8413345958550206
0.1826463560527762
0.2068750745648131
0.3810592340169996
0.2296839000721336
0.8720747864844853
0.7123298841782456
0.7453543138183834
0.7489861463459284
0.5121960550599085
0.8760721937157292
0.3157508699352929
0.9001922906845481
0.2331487084829775
0.1833294918025635
0.9470776302665110
0.6291369844167327
0.2529220920066153
0.9470179656363164
0.0776056414655956
0.5448681789334318
0.5692033463470381
0.5521023200208598
0.0379208731131754
0.6932689339898285
0.7310595423904657
0.7364374422362492
0.9589769067471655
0.8593809006452604
0.0691459741752408
0.6734510450945994
0.6313259188922562
0.1983860461248822
0.5766241206666888
0.6937644287386282
0.6488267032423189
0.4266298384827832
0.2064824781491079
0.2222826805605858
0.7445805894738805
0.2879558359204193
0.9623481371453577
0.4159904951878171
0.0683873720264880
0.4989708579543506
0.0218992788221174
0.7436430208755754
0.1134397902728196
0.0009362492356385
0.4457169475133985
0.6131417129893397
0.4222941663648393
0.2162421157251583
0.3489831297005241
0.1630487169329743
0.9137930378089284
0.7697006843605337
0.5370164421946709
0.3707895955610701
0.6125627864384610
0.8530006299926833
0.2061710116286561
0.5044710948570014
0.3818938664816317
0.2261332170002065
0.8730420369077755
0.0152054784220821
0.3652112598209524
0.7868192317955287
0.6980351311765161
0.4262637889001667
0.6030122077247526
0.0019205199638721
0.3465988078733668
0.4933754900309694
0.0951975067943807
0.6183608434673804
0.0852483257841243
0.0418295575619334
0.2184785638142172
0.0870756673066336
0.1976597959464185
0.4141702593982676
0.8570641143124131
0.8260970305051857
0.1472188827917916
0.8476070695202017
0.4915026586103877
0.4495189930047626
0.1869206462001881
0.7431779694310297
0.5039041335054012
0.7740965938117388
0.4392611995329976
0.2706237127847448
0.7093434860942315
0.2990456170879415
0.7415233297416445
0.3748661273958205
0.5459459298592703
0.7696558512807162
0.2513699641641227
0.4094144926561476
0.6523988264609801
0.5185124808794599
0.4986479661673959
0.4373703963479497
0.9691642469222858
0.4829866899574743
0.0257902561596027
0.4530886469539858
0.0777630750956982
0.6283476772632165
0.6144926352975572
0.8375638906277587
0.1609724030458249
0.1469718822023263
0.4990677575377858
0.3408410058924748
0.7463826277669551
0.3368711746010329
0.9131659077964951
0.7332059204106303
0.2822809085169655
0.2315191989514311
0.4121394918770978
0.7710573449797616
0.7198783935471651
0.3588382702290656
0.3454740871215203
0.7387853103938891
0.8861086611619216
0.2032552097427505
0.7030377869803232
0.4011073725963442
0.9760810569302030
0.0673126979217595
0.7925972412201071
0.1214626279000448
0.8028437153798034
0.5857197815233948
0.2909216986112229
0.6693319647409496
0.7518540243748050
0.3204089577085636
0.3611076982134513
0.3720235974125771
0.2033607128374999
0.9272766813347125
0.8825533523862126
0.5950491865563288
0.6093397332935141
0.5102291079322094
0.5270304757239236
0.6797804247999822
0.5084772809329834
0.9754868618053300
0.1216673349366999
0.8406742310166720
0.2118147650018906
0.6318761098432985
0.8837100647317936
0.1571226451005744
0.1439405207173952
0.4688112909995412
0.6597669452350392
0.7476575610103849
0.3250499399236749
0.1542220079950691
0.2295184277503347
0.8164078152390025
0.1437527224723950
0.8768442111550681
0.2939259271188304
0.6403081522844704
0.1331629879840874
0.5627225193837623
0.2109160070091243
0.7100629027855009
0.8055564722992755
0.3271673680293761
0.2226677608422585
0.4772698368064324
0.8230894216076836
0.0031517143516393
0.1138300014932999
0.9280175491128070
0.3468646152462849
0.9128243700344626
0.9103179822580966
0.5407774181463292
0.4946055631627074
0.6001115175733859
0.5080197845748039
0.3084197276072106
0.4595313324952405
0.5074287342955053
0.0864197109247786
0.5628324275807367
0.3466742526953309
0.8104784147589376
0.9963650818581238
0.1416442222483015
0.1602884110505927
0.0737375824454588
0.2970030474386284
0.3621349311863328
0.8255566354099694
0.6792341640056910
0.9652887566559825
0.6351580317580527
0.4796415580814566
0.5078137784393444
0.4279200303934472
0.9063202842703978
0.0171346894635276
0.1703191420211222
0.8382252055129977
0.9876541041543850
0.1832876381038610
0.6036563091043549
0.6557466866161681
0.4050471330525012
0.3322317996435512
0.4176838741664547
0.3618920070616182
0.0114581703839828
0.8652396017686634
0.7853575437235853
0.8341082828957768
0.6079065969901214
0.1626666197566974
0.3180827909632000
0.7811464622448427
0.9442216109933025
0.0812610395001149
0.5987223390569989
0.5057851497605886
0.7218866574637539
0.6272138617404828
0.1232813082595918
0.5335662970250400
0.0139040230894936
0.5353380092698461
0.5253501556658832
0.1995300506853858
0.9097462096809235
0.5834001086306717
0.6176385327803303
0.3801665364646722
0.9171593064819967
0.2042038149972277
0.1480501747429698
0.4637487073327874
0.5833178687968080
0.6901934677572912
0.9794764528269149
0.1334087450515579
0.4604656073008520
0.4893449855207257
0.2941621915725804
0.7288958551405690
0.0979220830422799
0.9816499224899397
0.8501923255664066
0.1369642355994187
0.2226090794025397
0.1245367458173344
0.2880426018383793
0.3030893248921230
0.8453067070102012
0.0104918170715204
0.7176898672582355
0.6342433177051399
0.0978265659000387
0.2134251097388900
0.2106039554776294
0.5239765559617450
0.9850244155929831
0.2235083601870426
0.5155566728813126
0.9724210797106068
0.2087681819210945
0.4728277520568135
0.3695388965922526
0.3856110442494621
0.3574465082487405
0.9920362823741636
0.5640716455458661
0.1685616823790093
0.4513020821540087
0.2870678217503601
0.7316220174655845
0.8344964786468276
0.7666127720075506
0.0113615628056004
0.9784233816671319
0.7719835565934036
0.2216245638430923
0.7380149494962532
0.7022265385078724
0.8726284019970386
0.0359741913294558
0.9055561015134411
0.5216371056645307
0.7657079145043635
0.0396146533095086
0.0414377096574176
0.4927419464821438
0.6494371717383030
0.6577201960181482
0.6762339067859603
0.4500712593902886
0.9989537414542640
0.2116126073256948
0.5123552664278314
0.2433909021876020
0.4419635832592094
0.9317201658033248
0.1362930369469456
0.3416313739380334
0.5827078622276450
0.3802825537305250
0.9764237707679184
0.1711582638181214
0.2103234327271303
0.4181344037352439
0.8793404521931844
0.7427811880975443
0.5693372530834919
0.6625004866031212
0.9094197934278190
0.8904653479023746
0.2680323713049855
0.9947269238326305
0.6373819505139217
0.3016040461929909
0.9336648577197262
0.6966805885407129
0.9974220338946670
0.0718285440894197
0.0055170282450167
0.4954349021341091
0.6930796013038095
0.1496496193837816
0.0846578553871764
0.3164049770363144
0.9562802803163641
0.6811128510580924
0.7671896220404286
0.9643275093243761
0.1790276922500407
0.8257557263400798
0.1243273501186617
0.3426505127218562
0.5117694883735225
0.5111182949586873
0.7335477255547682
0.7257216922339970
0.6794924733207010
0.8923047107866139
0.5039079663542215
0.2224841684526095
0.8912804217632958
0.6706858355471884
0.2563337092138945
0.2997009315394834
0.6709033922065374
0.0425913047255642
0.9804103050917355
0.0309397723103693
0.2232442136446865
0.3333655829400475
0.3234383008805729
0.1525669491165513
0.0299014016970767
0.0447927853707484
0.3807059015707881
0.0420902216339187
0.6249355052698621
0.2979674989418720
0.1073300234784099
0.3073978346517571
0.8796931356120065
0.5517975239364726
0.6654530736662698
0.0826761755536315
0.6113097150560469
0.8739220935972977
0.4535166097670091
0.4742247147361180
0.0492616593141914
0.6521291732482966
0.8053490862722941
0.1070284111318353
0.9515039989096887
0.2032915812860276
0.2426529127880505
0.7115254321777998
0.8447391495945905
0.8943123912588647
0.4655272985700789
0.1041715783409168
0.6340095987348144
0.8939994349717552
0.8607580135370707
0.2934826280508080
0.8548802748333665
0.6841540937679730
0.8945693209617996
0.1346002678912909
0.4613688643197691
0.3829266196765455
0.8368867869558968
0.5968816149449060
0.4034011096473246
0.4900255663313245
0.7290287246019067
0.6755143014810990
0.2166856309067301
0.8845840908206577
0.3881450105183563
0.9608867208799891
0.9083551237622391
0.5741542876237338
0.4564959255985567
0.1885506518473331
0.7969478130561575
0.5099752470413008
0.0008844170686763
0.6324714770765301
0.1516041031709555
0.4540088475242887
0.3020573148763261
0.8692735387962807
0.9574031593367787
0.2369066740944550
0.3607959937173810
0.5906539966830014
0.1132111137827453
0.9590756515488411
0.5054066101535880
0.4174692138784781
0.0061725975203389
0.9699989166762577
0.7460637010426584
0.5131040447986456
0.8889006406549617
0.3302154440463971
0.0116298061296453
0.2194446021190137
0.0262166889373641
0.6526622247176962
0.1165965455692249
0.1165909903470549
0.1752483481076262
0.6239645746645121
0.6514065236263502
0.1882829658935358
0.9379055783872695
0.5627082182822243
0.8045577416132913
0.0539889834270186
0.9007007313301099
0.2561818500132736
0.0707780487817296
0.6755007177855170
0.0812553329445407
0.9438108759667667
0.2124044142148783
0.0540131128774460
0.5344632197488635
0.0432387163470271
0.1519581307879203
0.3072867435526628
0.2464027091020554
0.4180024367303958
0.7920613270079718
0.4663884655289775
0.3237405181510625
0.4574333132331353
0.3052993112206970
0.3903067395656501
0.3757342236450760
0.0352943414559262
0.5966097540972467
0.4418060988276161
0.0787890233081598
0.7044311205667031
0.1364046803068238
0.9389629605017099
0.1592177054160943
0.3496088015266443
0.0028062934472874
0.7732957594748461
0.2118317372762925
0.7965261101261618
0.9787299875186756
0.8870281873630331
0.5711697975472418
0.5723144542021357
0.0771856792288161
0.5939411805056931
0.2069429943574452
0.2604209528782556
0.4749998734407753
0.4320857243889342
0.9779397736967729
0.8224698885753042
0.0288451632122163
0.1084333732441702
0.6100685979400439
0.8007605784173831
0.3732891295766316
0.4590159221563949
0.1025773762084615
0.2263278194685762
0.3512748629878257
0.9023911095447367
0.2441833340448079
0.0864297943077247
0.6989313849551346
0.4414753338910000
0.2565381104388332
0.1677002256106934
0.5223713498381034
0.0091430584776405
0.5966871320453363
0.1697450207216805
0.6433205018304778
0.0118245158388329
0.9668529497813632
0.6513426809063820
0.9522451388125621
0.1449370440446267
0.8784504738746410
0.4817227196740358
0.6703152100694412
0.8473698189315976
0.8259759116274389
0.1553411343183525
0.9894786123945157
0.6158367508431993
0.3354401181727434
0.4469871467633244
0.3628674424753500
0.4328995387421385
0.9277705097577663
0.3889465406056025
0.9300554566264942
0.7568201550022030
0.2725486339367427
0.0776373549632450
0.4299160448151234
0.1052826249007056
0.7538721936894117
0.2115571462291781
0.6258808098219191
0.9390106255021861
0.5331736983367781
0.3698326643530528
0.7134529634880529
0.5634829228393623
0.5180938218845492
0.0993805175175337
0.6973784998500758
0.2285438632415152
0.4752128693321147
0.2759214846371190
0.4438988251258656
0.9891810638998798
0.3588751126964650
0.0239102824501443
0.6089485583332123
0.4729492566932457
0.3241686716510092
0.7655906325600981
0.1904862226704623
0.5737694555525273
0.0681392543997114
0.0441238221423658
0.4141260266040672
0.3425706398112980
0.3618262700760468
0.4110245264716920
0.3289087252784995
0.3386895314339482
0.5079149127154587
0.0264655432278470
0.9684676409947904
0.5451781027561929
0.8797874972204093
0.7374325543264348
0.8946640633279410
0.9709127834916088
0.9406856205313068
0.7904033540299729
0.8239970418462201
0.5188891009421350
0.3153069110472794
0.7179542074963470
0.2720326950362673
0.6278207364727978
0.0941911524674925
0.6161429372298672
0.8146545697520715
0.6128645794187605
0.5007098790482138
0.6634888007510580
0.1036307072635849
0.6420630506330315
0.5841813518574142
0.7931450828289544
0.1409042867539940
0.1937758491015557
0.7288903107125762
0.2279751694004097
0.8830677730632734
0.5334645060290626
0.4742220376975208
0.4945110420402971
0.8304248673031396
0.9658383127477745
0.7539286000581392
0.6641432482325171
0.8512181482371849
0.8704050939629480
0.5418136692315316
0.6175025568958252
0.8926774880463315
0.2580897865129391
0.4590025728111229
0.7958930101498486
0.1275062479075467
0.7387535529362291
0.7991327341598569
0.4898681099387292
0.8617079726593276
0.1233013479088477
0.4792429025140871
0.1981047411160750
0.2263211363216526
0.5742435123369576
0.1589665513498921
0.9689356814446936
0.0119673047465964
0.0621520058588260
0.4621198956718963
0.2991532623418699
0.3554668051092336
0.4139587910520975
0.5087066563298077
0.6218057088103822
0.9776293628307685
0.1750644503353520
0.3659060098367214
0.5048785854177906
0.7122202159378787
0.3662669000187927
0.8519121028034794
0.8909114696677561
0.3059371777164154
0.5457902412831513
0.2137756094025792
0.4966236564820108
0.3354862599886972
0.2555941737799765
0.1772563428028808
0.9373454388690801
0.5828778450544029
0.4367184373599011
0.2614551660137295
0.3982551540038649
0.3417182507401851
0.6813839373462259
0.6617951042104286
0.1258024635368091
0.0532099215750242
0.0571017184660052
0.2891453886614843
0.5390407382490030
0.6301122455368862
0.0680155467948695
0.2139520292652134
0.4582533174372806
0.5290930664824833
0.5137588339172896
0.4451331240099011
0.1716685033955961
0.2033551258372716
0.9165426192215951
0.6870911110200560
0.7465700996897648
0.9474562191362269
0.4338759252363652
0.4893273272739771
0.2826973158016074
0.4892911400164006
0.7676416008602122
0.6339110670722651
0.9804491313456336
0.7050398832106811
0.8032571403578411
0.1459821065958382
0.7765578060695496
0.6011964635366017
0.0472079506734548
0.7640671098811844
0.2138787596417381
0.0316632943064843
0.2932739718084664
0.6412394810927760
0.0682873856261529
0.9406195743607805
0.4984890986993853
0.7495927600896893
0.7911887569147648
0.4103071931675549
0.8800684508192000
0.7754419750484437
0.3340821963537089
0.0338103868035374
0.0882807366037608
0.4544886800732263
0.0803389623895975
0.2085674244090872
0.3015308838293015
0.1959011069798443
0.6607972754739435
0.9643624908800124
0.8085877591661267
0.2443489806998786
0.7268969915242954
0.5397720078351227
0.9504367966142528
0.8412384896466916
0.3952212333648022
0.4588727361205462
0.3670808985697444
0.9855590587941097
0.8249308572947575
0.6204636450099232
0.5878988788183611
0.5878966444176182
0.9881630783333387
0.9220750438289368
0.9088978535032621
0.4326286012569301
0.9692740725481720
0.3750772424798069
0.7629502086024892
0.4146313503916315
0.5278100838695530
0.9449557647641154
0.5710097135699712
0.1846357977571168
0.4139597385884444
0.1593905130429276
0.9863304348706102
0.9046995557635317
0.4197007064861100
0.1646845618884977
0.3261725829002915
0.1894852204691808
0.1869094592799408
0.2739381396010572
0.2876989595358027
0.6067706035441330
0.3866374667322002
0.9947409478362896
0.6029795467009537
0.9814890995735195
0.4861015897608180
0.9340550356676500
0.0897948665537376
0.1273353199646452
0.8288089486187883
0.9006028843628472
0.8218875756822827
0.7886561334219531
0.4172220755521022
0.3728884679010417
0.0876455201298632
0.3289178250938370
0.7918792723660636
0.8133334750904526
0.8964622853185520
0.1092393291719117
0.3271098733806171
0.8313160521862236
0.9411316533600721
0.5209269300510126
0.2399282561565225
0.4367449975816025
0.4674400003016339
0.4123022184820496
0.6863109228645234
0.7443639078136497
0.5717566878885022
0.2218754608351771
0.4858066488027963
0.9997518126964156
0.4864136788386776
0.3561178952796086
0.8753280525473301
0.7921159277311189
0.7477199901901835
0.7912366005751768
0.2514055396577004
0.0914580779267985
0.2428268863275895
0.9205702933288479
0.5624404113380918
0.5622544040696053
0.5504133569354920
0.4611597765549597
0.6604047846101925
0.9158960429931419
0.9294839192762979
0.8591047042510497
0.3144556877790715
0.4971335504260264
0.8427724287232817
0.4339677357953265
0.9715666985574558
0.8476194677978596
0.8709396560328727
0.3379592565178527
0.5147286110005838
0.7806837382095696
0.8475715314194491
0.7689099655811954
0.4347229320089995
0.4213051984396977
0.5057663905093537
0.3159384074887501
0.5505824574543264
0.0221582090324539
0.3617095529764929
0.7101634431022741
0.9815643644547872
0.0549759649927090
0.2727408359649141
0.6270669482446467
0.5661425133459587
0.4447139930923534
0.4365326760488160
0.3652858048770842
0.8008739156455509
0.9099659523307543
0.6667588363830820
0.0322934983006180
0.1088868685739159
0.7992014318145224
0.1927697210626572
0.4353475914048351
0.0031312366661569
0.1417099763077915
0.1984604548078587
0.9217433559192103
0.9033707086028503
0.8982776915665239
0.4127253898996958
0.7619760563433813
0.2007400746210036
0.6911357347338363
0.2417722068956232
0.8082247731615496
0.1588997342069950
0.3508058956657371
0.2530002798060720
0.0218224318439015
0.1074009975444299
0.3219682427771065
0.0702023294418275
0.6306925839929144
0.7995329807892140
0.9349299841462545
0.2328230415136251
0.5792014972100381
0.7061984524650700
0.6872282835643463
0.4059202002582961
0.3788164856583452
0.1397098460182308
0.4815662762347106
0.6970245648431261
0.2246207769208404
0.2478019821779927
0.3508254134023281
0.5978567967004044
0.7161693054144954
0.3114572605455700
0.1702009421409760
0.8071552072305168
0.3736432967581192
0.5205731585310833
0.9031697989709798
0.1784204187337164
0.2473773220173069
0.4676832910280452
0.5205241716637290
0.2051881918459850
0.9986583211231312
0.2811283234596381
0.8817121727268765
0.8718765183785596
0.6959811593842061
0.7556245094167242
0.1407403599459403
0.3358087815266373
0.4150796186825071
0.9090509862870764
0.8696939754441535
0.7562451193303301
0.0082972741629989
0.9526905452812217
0.5720242762201998
0.2537953015156550
0.8383219821179587
0.6018641811961625
0.0125145693420498
0.4335171334944269
0.3338056132184704
0.3713081834896100
0.2619496408349264
0.3269100695873307
0.7535499855403366
0.9941775932714922
0.5219353851312599
0.7807432728913182
0.3697107553160778
0.5749419498995464
0.0376946477977806
0.4552115902537804
0.9046941053722364
0.4539316695552542
0.3726278553088505
0.0624202288055002
0.8902322138403049
0.8304156302238049
0.8029755634408507
